random row indices, vertex: 64, sample: 5,edges: 241
910 1117 247 1261 2332 793 1096 1069 422 1685 1819 597 1601 224 1214 1706 1635 39 269 24 898 250 107 108 250 478 754 144 189 2664 2102 479 2123 166 752 2581 1259 521 1082 2587 2312 1071 1049 1329 2127 1986 1998 1873 398 342 776 1326 2088 1756 2613 527 1774 2619 1968 1433 1105 1026 570 212 169 1385 1653 2131 1892 2492 1076 1078 2461 1114 1117 2334 1588 1962 517 2618 2509 639 76 304 498 694 179 101 774 331 1240 1241 1149 1150 912 591 2467 2155 533 777 486 
231 1148 30 285 14 1116 250 31 2302 403 2104 228 2467 140 2560 323 1319 1391 1685 163 1455 1069 1069 453 308 761 481 9 849 1720 1010 1073 1182 1726 1578 345 74 2421 2266 226 617 2243 2466 885 831 163 343 1305 1911 1098 1739 376 484 641 8 751 14 435 258 1124 1566 1566 1358 1567 152 1398 1384 1383 1328 2583 1423 1293 946 411 1600 1689 538 38 1738 163 1453 1152 1309 1132 129 1204 537 2624 1153 1930 2512 1306 1050 1389 1499 1492 2204 1573 2233 118 
294 380 1745 2641 840 1038 1196 1383 1384 1938 1764 1765 1770 1079 821 2707 1050 1389 1354 1089 1218 1799 1530 1424 2153 41 1713 904 115 1122 1621 593 1194 594 1084 858 2303 2035 450 646 
下一层采样顶点数量: 75
random row indices, vertex: 75, sample: 5,edges: 344
419 248 776 398 2155 2468 323 2467 163 1069 1685 1691 422 258 0 751 435 8 1117 2334 2332 2300 449 1354 2636 136 115 1713 2699 2318 2022 250 107 108 498 2204 636 846 2173 163 1031 14 1111 435 0 649 2482 2123 2338 1329 2127 807 565 502 588 173 108 427 304 1912 1461 636 2201 703 2233 2560 140 1322 228 2467 2546 467 729 776 342 129 163 1204 2165 22 323 140 743 2451 800 1544 2638 649 457 1125 166 2524 776 2525 248 2167 8 435 258 0 14 
544 736 437 435 384 372 38 273 1689 219 1713 889 1982 888 533 181 1934 345 1548 2532 259 228 2465 52 1692 563 500 247 1117 1261 76 427 577 708 170 898 107 498 1937 250 498 304 108 107 898 1713 2421 41 904 138 465 565 636 118 1694 1069 1455 1685 793 1050 1724 1492 611 1050 1306 1310 1499 1050 607 1499 1310 1306 419 1602 248 776 2434 1020 1049 1986 1071 2127 1079 821 2707 1050 1389 1219 1611 1070 1113 942 1726 1073 1578 1569 1182 1153 538 537 
2624 1204 1114 247 2089 1117 1261 649 2555 251 1505 865 649 2403 2581 1010 877 1061 1182 1578 1687 107 108 898 1733 115 292 352 904 981 764 982 964 1589 2702 2317 1878 2624 1204 250 1763 584 639 357 606 1204 537 402 1204 15 129 1036 76 250 694 1685 1069 793 422 1685 1498 1329 1292 1071 1182 314 1112 1636 1073 2088 2166 398 342 1326 1069 1380 1330 1715 959 435 258 8 544 751 649 1621 752 1498 1329 1292 1049 1306 1492 1389 1591 1050 1069 1096 1603 247 
1114 562 1117 569 1329 2462 1986 2338 1455 163 1069 1069 422 538 1689 38 163 1738 2174 910 636 1481 163 877 1182 1622 1578 1061 219 538 1264 1689 1738 138 892 1716 468 1716 1679 1569 1684 1182 1726 
下一层采样顶点数量: 179
random row indices, vertex: 64, sample: 5,edges: 236
102 1862 1964 2675 1862 1328 1019 927 1717 1441 941 2649 86 652 249 1660 1083 1528 1532 1487 41 777 533 359 808 1300 2454 1342 1027 967 778 56 552 406 311 2692 985 2038 1212 1553 1554 1552 571 2694 2331 2163 1849 1409 2200 1221 2703 1240 1241 1172 1141 552 1378 565 82 239 565 210 471 82 1316 24 269 976 905 1397 558 1287 2413 1366 587 2513 2239 656 1581 657 206 1488 531 1490 2560 865 251 1505 932 809 1615 1639 1774 1968 990 990 2619 163 1826 1580 967 
689 1755 2432 2384 2460 2469 1789 2314 531 2321 2187 2497 1981 1915 922 923 1233 1463 1512 999 1240 347 2344 1389 774 2707 1756 2603 1174 1297 58 2495 571 1762 571 1461 1511 1357 1894 1326 2144 99 1852 2592 569 1185 931 1000 1595 2675 1256 1862 1964 1521 1484 826 1237 1457 163 411 2058 2232 1459 2221 2404 404 2583 1895 2333 1964 477 797 204 1645 74 622 377 2268 2275 2445 1576 836 1301 1663 1266 411 1037 1464 1470 638 478 618 2289 1805 1804 1328 1329 1322 2577 430 
2078 2406 163 793 422 1691 2423 1161 2657 419 2088 1326 398 248 1407 1626 1584 1735 1698 747 545 1148 1534 30 1355 1597 1884 1885 1886 1887 1902 552 2537 2666 451 
下一层采样顶点数量: 69
random row indices, vertex: 69, sample: 5,edges: 333
1527 248 260 419 260 177 430 2343 208 381 2155 2468 323 2467 58 571 571 1762 2694 419 248 776 398 102 404 1366 2239 74 310 2374 621 2 471 1045 1859 2583 318 102 2135 2333 347 452 998 713 999 1326 398 2088 419 105 88 6 1505 865 251 1891 536 990 2495 58 1148 231 30 679 2276 102 1824 2012 1893 2333 738 1459 210 552 295 1440 239 1553 1378 565 976 1287 905 1397 558 1463 1512 999 1240 70 569 1237 1462 828 1457 1361 999 1405 1512 931 1484 
1521 1500 1692 1430 810 499 1397 787 905 251 932 865 251 1505 1671 1335 1335 1463 949 1484 70 1185 1237 1521 1122 289 1556 1498 1278 565 295 882 1316 1020 2539 1622 1322 1027 105 2434 971 248 2144 1328 1107 1584 1423 1644 2127 1986 1071 1020 1329 1148 1047 1640 1648 1355 2374 1373 2414 2413 2239 1287 1393 905 1397 1155 1812 783 1407 862 826 1484 1237 1422 1521 772 1527 1241 987 1241 1287 1393 1268 905 976 58 1774 805 1774 990 427 88 214 2239 587 881 1644 1019 
2675 1256 251 1505 865 932 2675 1964 1863 1595 1862 527 1774 2619 1968 795 865 251 932 1505 2373 668 1718 2413 2239 1532 1816 2660 376 1137 1741 103 882 548 295 2495 19 1762 19 2331 638 102 1893 1895 486 285 1355 1148 1597 1422 1273 1457 1606 1237 571 2495 571 2694 1762 1774 1891 990 990 2619 1164 1328 2037 1626 1584 151 1862 836 1776 1595 1534 486 1138 1148 1597 1698 686 1626 66 2597 1964 1863 1862 1595 1964 1626 983 1002 1735 1964 1256 2675 1824 1862 2507 587 
2239 2513 2413 1968 328 1774 2619 1584 1735 1626 1407 1698 2524 2167 2088 248 1527 649 251 2560 1505 2555 2342 2508 2577 1020 2180 2583 2333 378 102 1173 
下一层采样顶点数量: 180
random row indices, vertex: 64, sample: 5,edges: 245
163 2490 1807 2572 365 2112 888 1372 468 896 1116 1461 1593 1116 1288 1817 2464 526 350 1999 1318 2683 1328 1812 1407 1155 783 570 576 1524 1381 2401 1988 2302 294 934 2317 1353 1344 1046 1047 1640 1345 747 217 685 611 2432 1755 1529 1314 527 1656 2357 731 1822 144 753 444 759 161 1255 358 95 747 1656 527 2662 1968 2461 577 1900 2547 2492 1880 2111 1353 403 2302 2113 2623 74 667 46 1493 867 427 1149 2683 80 2044 2584 2632 2459 123 553 2542 2435 2262 2262 2236 
437 393 400 258 384 2236 2262 2542 327 2292 1899 689 2630 1826 2632 2584 344 2329 2424 2589 2030 2130 519 519 280 2549 2608 1677 2275 1120 581 643 49 1127 1333 1455 1205 1691 2243 2244 638 344 1596 1244 348 1354 1674 1123 1680 2325 2538 700 659 625 332 324 1937 389 185 581 583 643 150 50 163 537 606 68 766 157 879 979 1643 1649 868 611 133 608 975 394 611 2501 2260 1328 862 785 1812 1155 348 344 314 1596 1061 411 200 206 58 536 989 359 
726 2499 1068 2189 2190 2668 2365 1029 41 48 1742 2456 624 163 11 695 397 565 738 2629 2628 895 1436 1824 2006 2183 2150 321 2305 677 661 74 1641 71 747 2233 703 953 972 438 1306 1055 821 607 
下一层采样顶点数量: 77
random row indices, vertex: 77, sample: 5,edges: 345
14 384 185 185 332 1937 389 157 14 393 608 125 133 394 747 2346 659 397 400 2354 14 2360 555 2302 402 2104 2309 403 2487 236 52 2343 632 14 437 8 435 544 1111 14 2549 280 193 192 519 1596 1684 1073 1244 156 324 278 389 326 332 185 332 62 389 1064 2171 2617 2215 1312 2229 638 344 1596 1244 348 730 351 350 770 201 2505 2567 359 1342 2376 608 611 394 133 2680 1017 1550 716 1340 793 1069 1685 1694 1153 1288 1593 1461 954 1357 1544 309 
1334 1225 2077 324 332 389 389 185 427 1283 227 142 1318 785 1101 947 1513 1584 1224 163 1467 1514 793 193 2549 519 280 2608 2302 294 934 2317 1353 359 2499 2500 1418 2422 787 1461 1593 1502 1091 2499 1656 2357 862 783 1407 1812 1601 1880 403 2302 1353 2111 163 1016 793 1153 1205 624 659 11 1825 68 1979 979 1632 929 677 74 1923 2442 1928 511 2013 1634 252 2302 2047 2111 1010 1061 1651 585 1578 989 1068 726 2500 359 1822 2606 527 2662 427 2044 687 668 
2683 793 728 938 1153 1127 519 2549 2608 31 1593 736 1593 611 1937 623 1064 107 389 427 2515 2003 2003 1999 527 1774 2619 1968 76 608 668 975 74 68 1825 979 1845 157 1418 1068 989 420 10 510 2590 190 747 427 526 527 747 2662 2606 1656 71 677 747 659 1967 695 71 558 1086 1641 1822 731 1710 1656 2357 1155 1019 1812 785 862 975 2230 608 133 611 2260 2050 1763 1079 716 112 11 163 624 572 862 1513 1328 1155 1812 1155 1513 2364 862 1407 1656 
2662 1822 576 1418 1068 726 576 731 1450 1656 121 1116 978 1461 1437 1593 314 348 1244 1596 700 979 879 2302 1880 71 74 76 1191 661 163 793 422 1691 368 310 146 283 104 2532 181 979 157 518 
下一层采样顶点数量: 175
random row indices, vertex: 64, sample: 5,edges: 250
233 121 595 2355 1760 763 1879 99 894 95 358 1255 2220 2226 1958 2072 36 2390 1974 745 378 2428 2042 1198 517 1170 611 745 2538 2325 313 1475 1542 801 611 2499 2340 611 1935 2590 519 420 2421 388 719 1666 1133 592 1509 1144 803 53 803 1439 1523 815 1523 880 2447 286 1678 2042 2195 1501 648 1471 531 693 1290 2329 1918 2275 362 2191 1271 1617 236 156 430 771 745 72 747 771 359 2498 2500 2499 2322 1017 484 1574 1347 1147 1240 161 1241 603 670 62 423 
332 2425 324 1743 177 2192 1560 672 109 761 535 799 1385 1635 1706 1749 2521 515 5 2164 188 444 2102 144 2543 2066 1352 159 2674 1533 900 1351 1207 1583 2678 1051 2576 486 285 30 231 2136 2136 2148 1657 1057 1307 2207 1786 627 1637 355 631 1562 1996 1997 1240 1241 84 1147 1347 2343 944 1020 1337 1335 1208 1434 1095 798 1026 1433 1055 1059 82 565 1860 552 1859 562 552 565 688 60 1898 324 326 278 1512 1337 1267 1607 1032 378 478 1290 218 120 844 1184 
141 1784 808 1778 330 731 121 1931 1921 1921 2402 1435 1042 1043 2585 2466 1830 2434 260 2069 991 2556 281 1084 858 1783 2682 2348 884 1658 2064 1777 1802 342 729 1993 1945 576 1520 1524 839 1526 1581 1311 910 636 2687 2264 2519 
下一层采样顶点数量: 86
random row indices, vertex: 86, sample: 5,edges: 398
192 192 519 10 2214 1290 62 1934 62 557 1270 381 547 208 2343 439 2590 2590 388 1937 185 332 577 389 858 460 281 378 2195 178 1963 286 1068 808 203 2322 2422 389 326 327 278 324 359 354 330 731 576 185 389 62 1064 332 759 996 684 161 713 378 2010 2447 1904 858 2556 163 1184 188 141 521 236 431 314 156 2567 2498 2322 2147 2500 2505 2500 2322 203 2422 2376 1068 2322 2499 2498 163 2529 2164 145 2521 2498 2498 2500 2499 359 2343 2443 1337 208 
1618 1868 1906 2590 2389 345 2474 788 423 2341 2425 236 1270 156 1617 430 74 76 36 2227 2390 378 1963 286 2195 1087 1671 1335 1235 1112 970 846 1730 1533 900 2164 5 1749 2094 2521 1337 1339 1335 1267 944 944 2300 2343 1337 1020 1240 1241 84 1147 1347 900 1498 1351 910 764 1140 1253 1311 1784 1362 781 141 2199 900 163 378 1207 1333 2590 388 2421 420 388 667 36 2227 2072 490 2164 5 1512 344 1335 1500 1267 997 236 1271 636 2174 764 2687 36 1701 1974 
257 2390 552 562 688 60 565 332 2425 2474 423 2566 2175 1184 1959 188 120 1990 1825 731 595 121 747 771 72 771 745 565 1378 239 1440 295 1328 1337 430 1322 1020 1241 1241 1201 742 84 950 84 998 1240 1241 1533 228 1583 1207 1351 1140 910 1673 902 163 591 847 1032 1335 967 318 1084 858 1368 991 2035 991 858 1084 764 636 2173 2233 552 2164 637 515 2549 2590 192 705 2608 161 1147 1241 772 1347 1335 1337 944 844 974 1784 55 1184 1084 2556 2303 
991 566 2165 2162 477 124 745 336 72 43 724 113 72 104 745 771 747 483 738 277 723 374 1183 440 252 370 562 601 644 2642 410 548 576 1778 1656 330 1450 731 1450 1320 863 808 552 1248 207 688 835 378 2428 2042 667 36 2227 1974 731 2024 1778 1784 844 380 2199 1184 378 861 1339 1570 1678 1515 657 1581 1447 764 900 2563 2396 1583 848 1607 1053 1335 1223 430 236 1107 1617 1859 621 471 554 565 906 1860 2430 683 548 2164 1749 
下一层采样顶点数量: 201
random row indices, vertex: 64, sample: 5,edges: 264
1339 597 2473 434 1965 188 846 755 163 436 442 208 89 474 591 549 109 2053 488 862 1155 1812 1407 785 1351 1534 582 1071 1498 686 2428 88 116 2454 2129 11 659 112 624 700 2499 359 2676 1787 740 517 164 163 959 1334 1130 2119 2154 967 306 552 57 1459 2105 2621 881 1058 2129 1342 2454 2257 500 1767 2427 2391 507 2548 1534 486 1138 1148 1597 310 2683 263 604 1508 1028 1042 1043 1435 2652 2308 61 240 2405 881 1411 2203 2397 2395 2395 2665 2309 2363 2051 
2200 1969 552 466 566 1697 16 2279 2336 2579 304 1932 1912 2142 2096 1512 74 1608 949 2181 2082 1793 2178 1775 592 282 1509 589 1144 322 1027 967 15 1644 1569 1609 800 1333 163 1060 1740 163 55 1834 1905 552 295 490 45 220 163 563 38 219 247 1336 1388 378 1027 322 345 131 2390 869 1934 1111 1109 634 1164 1570 380 1474 1249 1473 2545 2082 2178 1795 1773 15 1815 2670 1815 253 430 74 547 1236 29 2132 1837 382 1337 1618 208 430 2443 1136 1218 833 
1516 1282 1022 2503 2358 745 687 1157 1704 2704 1631 2407 2557 381 683 2541 318 2697 2698 2288 1759 77 143 346 363 337 1540 134 1118 1910 2458 2661 2242 1525 1276 1415 1504 1506 74 1928 2114 2124 2213 2591 2253 191 807 252 1438 83 523 583 1635 1214 1498 1329 1292 1049 163 681 402 538 403 
下一层采样顶点数量: 102
random row indices, vertex: 102, sample: 5,edges: 460
538 219 163 403 681 2302 402 2104 2309 403 423 2425 62 557 558 1284 2137 2343 223 381 635 436 635 1908 401 442 635 698 474 74 2421 668 263 589 592 282 57 967 1376 306 554 747 74 2513 668 310 2333 426 1173 1644 686 1644 160 1027 322 967 1924 261 2389 74 345 2012 396 585 1644 227 430 2342 686 635 381 76 131 2338 2343 1339 2443 638 686 2673 2541 1773 2178 1795 2545 1794 163 430 686 1947 2557 743 1219 1715 2077 563 163 262 129 139 141 
448 163 395 191 22 624 659 11 538 80 322 254 129 208 1270 430 1569 635 219 757 1689 163 1325 74 76 36 2227 2390 2203 2405 2203 2397 2446 1117 563 500 247 74 688 60 294 252 881 2397 2203 1119 2405 563 38 372 1689 219 552 565 57 967 1459 2178 2582 1788 1793 2082 1788 1793 2143 2178 2181 2203 1411 2397 2405 881 633 1459 749 473 2404 747 294 83 638 430 635 89 1203 881 2203 1411 1504 1506 1525 1415 294 565 807 1438 747 624 881 572 
112 1049 163 1534 2450 1483 1795 2545 1793 2082 2178 1507 1308 1308 1504 1276 1308 1507 1276 1504 1415 1724 668 1508 592 1144 589 1509 1415 1525 1276 1504 1503 1534 289 1498 1163 1597 1514 578 1708 1136 1369 1478 1027 1336 2343 1337 2300 1020 944 1155 1601 783 1812 862 1626 1570 1584 1164 900 1498 1351 848 1586 1025 1027 1388 1626 1407 783 1812 862 1503 1504 1506 1525 1276 427 2044 687 668 2683 322 1394 57 306 109 237 163 1136 1523 1060 1498 1329 1292 1071 572 112 163 
700 624 1513 1570 634 2593 686 738 644 367 473 466 38 247 500 563 163 1689 2165 2193 1036 15 638 378 56 1388 1322 818 259 1792 1498 582 282 592 592 1509 589 592 1144 589 1509 282 74 668 604 76 1374 869 112 2203 1411 2295 881 163 1136 800 294 1672 1438 807 1513 1812 1155 1328 862 219 846 2173 1533 2204 1019 1155 1407 2364 1513 188 757 2058 1404 755 592 1509 1144 402 2309 712 681 635 1860 430 632 686 747 879 624 625 700 397 163 11 
625 695 1328 1570 2151 1109 1101 1570 2292 1111 1328 423 1816 558 1934 76 2484 1732 2423 1328 1290 1220 1112 2343 1618 2181 2082 1775 2178 1793 1794 2082 2178 2181 1788 1407 1812 783 1513 1155 2089 712 757 1965 1678 1570 1339 1164 634 2545 1773 1795 1728 2082 1793 1771 1136 1305 1740 
下一层采样顶点数量: 185
random row indices, vertex: 64, sample: 5,edges: 263
2102 395 163 188 189 784 845 560 246 2247 2701 2263 2688 2705 290 1839 1195 881 542 1203 816 163 1136 1016 1799 727 2426 1428 2493 910 2703 1797 1221 2212 2121 2597 686 430 66 1698 66 887 983 1154 1531 689 1625 1577 1580 1062 2059 2651 276 2546 270 1945 729 768 742 1240 1502 312 1697 16 1664 804 1683 2393 503 2396 2029 1952 1790 523 2334 415 565 2239 371 2373 2374 2507 1697 671 1599 163 1178 2175 1184 1362 490 2164 5 806 1640 643 1046 1121 1512 344 1335 
1500 1267 747 2191 362 232 2046 258 613 14 163 501 503 2409 174 281 148 460 1208 1601 675 1429 583 50 1904 222 150 1335 848 1607 1607 1223 928 2225 256 430 983 427 493 1031 435 1111 258 0 1245 330 2552 1014 1922 2054 640 591 109 2053 378 344 2290 1275 585 611 2499 2676 2385 1126 580 818 817 1212 490 492 213 734 555 556 98 614 615 465 565 636 118 55 1784 1905 361 844 466 465 552 16 566 2498 2422 2500 1068 2499 1007 1489 1686 837 
476 1288 676 1014 1091 1659 1652 38 563 372 219 273 832 1701 1591 33 36 2041 1744 289 1348 612 2568 629 1376 1741 1585 2629 1213 293 387 427 1463 1399 143 346 363 132 163 772 768 1459 1687 558 1137 1259 521 1082 1081 163 1523 813 157 1196 916 1038 2274 2170 2237 430 635 651 
下一层采样顶点数量: 126
random row indices, vertex: 126, sample: 5,edges: 583
2557 2137 651 223 1698 8 14 751 258 0 163 191 189 395 2302 402 2104 2309 403 2353 1832 188 523 712 466 103 2672 118 565 552 566 565 465 466 928 983 2369 635 430 0 1111 8 268 751 339 276 495 342 467 38 372 273 467 342 2546 276 1993 55 361 143 346 337 363 38 273 372 1207 2042 335 227 1290 289 1535 1278 2568 64 427 645 772 577 312 330 747 359 576 354 1627 2617 2339 2609 1260 363 143 132 346 337 2498 2322 359 2500 2567 
1935 203 2376 359 2500 2376 2499 2422 2498 1068 1153 1257 1224 1792 1467 141 189 717 144 188 395 189 163 42 188 1288 772 577 1393 1502 342 276 1993 2546 576 2026 2552 565 306 1376 1546 738 1337 1024 1607 944 1270 1790 54 2103 2334 1832 1535 1537 1047 612 1348 14 613 268 232 346 132 180 363 143 201 346 50 643 150 2499 2500 359 2376 2422 757 846 163 1404 38 581 643 222 14 258 435 544 0 544 435 708 258 258 552 466 566 1697 16 250 
1591 1701 1701 33 1066 257 1701 1974 1933 563 372 38 273 1689 581 583 643 150 50 1832 55 163 1905 1784 1954 615 2696 98 171 1661 507 955 640 1323 1630 1203 1195 542 779 1411 1195 1203 1497 1552 818 1212 580 565 1649 738 1213 2359 2441 1698 288 1531 2685 109 488 2685 2053 640 591 2685 2054 109 1275 2290 2291 2213 378 1608 1732 256 2423 2225 144 189 2664 2102 2256 1698 2597 565 2536 738 2628 2629 576 676 1091 1056 1014 2291 1234 2617 344 2290 717 2544 
2568 612 583 1068 2499 359 989 726 1223 1607 1607 1335 1422 772 897 912 84 841 1520 576 1243 1245 1524 1328 258 1031 1121 1046 1344 612 2706 1636 256 983 928 465 1931 882 188 540 747 1203 779 779 542 540 1344 1138 643 806 923 2489 1126 1497 2371 570 576 2026 1922 342 729 1993 1945 1101 1412 1111 2292 1328 1302 1636 983 928 1002 2107 268 616 2046 2405 2454 1119 2295 816 772 768 1223 1053 1223 1335 848 804 1599 1559 1667 1697 430 1698 1626 2597 686 36 
33 1701 1591 832 1046 2568 289 1348 629 2496 616 2571 14 613 615 614 614 615 98 556 54 1535 1537 221 612 629 2475 591 109 2054 732 50 222 2489 643 1904 1697 740 1559 804 1664 1198 1697 740 1559 1683 1701 1701 1052 832 1184 974 934 55 1784 847 1607 1032 1400 1223 738 601 565 1741 492 548 239 554 277 370 615 400 556 2354 555 2354 2360 555 615 556 163 500 37 563 38 1727 1529 1790 333 565 333 1782 449 466 321 603 1640 1355 540 1121 
565 738 804 1585 954 1701 1591 1050 871 1240 645 772 742 1945 67 1993 467 467 2556 643 1904 163 55 1834 1905 1459 1697 1585 1664 804 1354 1138 1121 806 1203 881 816 818 1367 1212 819 817 1215 817 582 818 817 163 2705 380 1784 2688 2334 1790 523 22 415 580 1497 1212 922 1126 643 2371 2568 64 1126 1061 335 1275 2290 911 1186 640 2054 2182 287 2541 683 225 760 1698 
下一层采样顶点数量: 273
random row indices, vertex: 64, sample: 5,edges: 241
802 1168 2149 2190 2194 1955 14 299 746 163 2077 2316 743 2030 747 745 91 163 145 2286 2280 1706 1653 1385 1047 1046 1138 1344 1345 1141 1172 623 915 2341 2356 459 1364 1469 1705 2027 85 465 566 466 158 195 196 707 184 432 433 302 598 1876 1197 2634 1521 1000 1185 1284 524 1454 1169 1129 814 812 1080 1321 489 238 46 301 1013 1156 163 145 2248 2251 2296 1818 2073 671 1599 552 565 562 163 145 2296 2251 686 2428 88 44 1163 1534 1556 1498 1122 1011 1010 
1061 1182 1578 611 747 368 2464 1817 747 427 494 2236 2542 2435 2236 2262 562 2014 1828 1828 2018 1804 1805 2289 204 2049 1811 204 2410 250 1763 584 639 76 250 694 88 371 225 682 251 1184 55 844 1784 934 635 436 565 2408 427 1975 2689 51 312 742 211 645 747 427 353 1211 1247 747 202 1811 2410 597 1112 2530 2415 2282 1007 2217 163 2347 2265 611 2055 2352 552 2480 653 875 775 1192 933 370 2120 1798 1252 907 1709 570 872 570 874 1354 1039 71 
558 1086 1641 1065 1279 808 1320 1787 1871 203 1910 2506 2366 2388 2575 569 70 767 421 255 735 196 216 350 143 180 2427 2394 583 2489 1126 2371 430 686 223 516 914 1551 914 272 
下一层采样顶点数量: 79
random row indices, vertex: 79, sample: 5,edges: 369
1577 2448 1488 1405 1547 433 184 302 428 432 158 428 432 184 433 14 258 751 435 0 465 565 85 103 294 466 294 552 566 565 428 432 598 428 302 552 562 875 370 157 88 2507 371 2030 2316 744 163 743 1305 1807 55 2116 1139 158 428 432 433 184 523 2145 1975 2408 204 2049 1811 204 2410 788 623 559 2425 1842 202 204 747 72 427 747 2499 359 203 686 2428 88 225 2560 932 1505 482 865 582 289 1071 163 1351 163 1784 55 1905 361 1278 
1534 1163 1148 1122 565 465 425 552 294 88 225 587 208 371 359 808 1300 1320 1321 1041 1080 1222 297 1345 1344 1046 1047 1121 1344 1046 1047 1640 1345 1534 1497 1498 1163 1172 2108 915 1141 2341 1569 1182 1010 1073 1726 1184 120 2199 1362 860 2150 875 2473 321 1192 163 2030 743 744 2077 1975 2209 2689 877 1011 1569 1061 1182 1569 1008 1010 1011 1172 1294 915 483 875 933 1631 860 940 844 1009 623 637 2140 1937 1064 434 224 597 106 675 598 302 158 432 307 
2706 1344 1345 1121 1046 1354 603 1047 1344 1345 644 723 472 16 455 370 252 1117 671 60 2 492 92 425 294 2480 1816 274 2485 294 874 872 1922 1814 576 1459 875 162 775 585 426 378 1578 1244 809 1321 1080 812 814 570 1520 59 872 874 59 570 839 576 933 1192 554 775 370 671 1599 565 566 562 1450 1342 1320 359 863 809 1080 1365 1044 812 809 1129 812 1080 814 974 1784 934 1184 844 744 163 65 2077 2030 588 204 113 680 527 1534 594 
578 1122 717 1190 809 814 1080 1129 1420 1344 1121 1597 1138 1240 1241 1172 1141 1791 2430 88 682 465 565 2409 636 2027 2131 2130 2128 2030 744 2655 2408 565 1975 2689 1534 1537 1556 1578 1182 877 1010 1651 1697 671 1599 427 204 2410 1811 2499 359 1871 1184 2688 55 1784 163 2499 359 2676 1787 570 1520 839 59 1709 
下一层采样顶点数量: 185
random row indices, vertex: 64, sample: 5,edges: 259
2057 1234 1510 1510 790 509 669 2139 2673 415 1495 1985 2268 1753 2421 1829 163 1136 1286 28 1867 1079 2413 1373 1512 949 1608 1235 1335 292 1372 1733 889 352 407 1875 2439 881 505 2284 2421 345 1242 1242 939 1789 2469 649 2581 2403 2329 1428 2080 2589 1918 2415 2090 2530 1484 1482 1891 411 2582 2232 1470 854 1631 1230 2330 956 1626 1570 1584 1164 638 635 722 170 4 1321 1044 1365 1080 809 1954 2150 2222 671 1889 252 1183 2014 565 295 882 1316 580 1416 1233 923 922 
2001 1030 1917 833 1796 2106 1750 576 1656 1450 576 1710 1273 686 826 1422 319 1782 2328 2383 2569 1820 2062 1483 2052 1488 980 1490 1668 611 679 32 2188 2190 1955 2149 2189 158 428 432 433 184 1061 1010 1578 877 1651 71 74 76 1191 661 317 508 2324 2326 1259 1081 2312 521 1082 2153 2510 2219 2318 1977 747 2499 359 203 566 1581 1515 1447 1608 1732 256 2423 2225 342 464 495 2000 270 267 267 20 732 25 2307 2307 1939 803 2089 357 1563 537 430 2342 2197 
456 109 1198 1296 2246 640 1363 574 591 163 1136 2564 1558 397 1967 1595 1301 2346 2220 2139 1958 2226 2478 910 163 636 1481 2174 719 1112 1073 1618 1512 58 1774 805 1774 990 748 138 416 138 137 1946 2516 611 1787 2385 2676 67 467 1945 729 467 41 904 1372 352 
下一层采样顶点数量: 102
random row indices, vertex: 102, sample: 5,edges: 463
1600 2594 536 1891 2582 1836 995 188 2353 209 598 302 165 428 184 467 275 573 279 464 495 342 467 2000 2016 270 342 495 467 467 74 134 505 20 459 20 732 334 573 276 342 339 495 759 904 292 29 1273 319 1945 467 495 342 1993 74 261 2389 2266 76 41 904 1372 352 2089 1563 803 357 537 2220 2226 2478 1685 1206 727 1333 191 2373 1718 2239 2413 668 2421 1868 115 1856 74 550 826 1237 1657 1223 1428 2079 2424 2617 1622 1918 2589 2080 1428 672 
1696 2598 1631 2330 1769 74 1293 2278 2283 2284 562 252 74 60 688 2149 2189 2190 2194 2188 2190 2189 2188 2365 2194 2189 2189 2190 2149 2188 411 1037 1464 1470 729 67 1573 964 910 966 1481 1668 611 427 206 1488 206 1488 531 1490 995 1231 1495 267 25 267 334 640 1181 25 456 778 1897 611 1606 1718 586 28 1087 1463 1608 999 1235 2475 2356 2246 764 163 811 902 964 2220 2226 995 2139 562 738 1193 1202 1183 1955 2188 2190 2194 2149 636 1573 2687 764 2174 
814 1222 1321 297 1080 1024 1339 1032 1337 944 640 1364 2653 2653 1343 809 812 814 1365 812 904 896 352 1372 565 1718 1366 1373 163 995 2673 638 1224 569 686 826 1422 1273 2252 1409 2600 2139 290 2478 2139 2226 2220 1958 163 411 2058 2232 1290 2609 2329 2080 2089 357 714 1603 1530 1178 2470 2598 995 1230 1512 2508 1235 411 409 2582 1718 2178 344 2329 2424 2589 814 1341 812 1044 1365 1636 1182 314 1073 1569 1103 1718 1389 1009 611 1129 809 814 1080 812 1512 74 
1608 949 1178 995 2598 1231 956 28 511 1352 2505 2378 2687 2204 1573 636 552 357 606 1204 537 1488 980 574 640 1827 672 1962 1618 1073 719 1112 101 672 549 549 591 199 342 729 1993 1945 2423 1411 2203 1256 1119 1713 2153 889 904 892 1563 803 1439 357 1439 297 812 809 1080 919 1237 1422 1273 1606 1457 1178 2598 1231 2211 854 2149 2190 2194 1955 2220 2226 1958 995 1231 2065 1985 467 2115 2000 562 2018 1828 2014 2475 549 574 591 1897 552 562 566 1599 565 
803 357 53 1563 562 2586 730 2648 1889 58 200 1891 1774 1875 1290 2329 1918 1512 2225 431 949 987 1220 1112 2343 1618 1631 2330 934 2407 2330 430 634 2541 223 1273 520 1838 719 609 87 467 1993 67 342 467 640 267 1897 20 732 2535 1668 611 1488 2378 1754 1718 1867 41 904 1733 
下一层采样顶点数量: 223
random row indices, vertex: 64, sample: 5,edges: 256
1569 1008 1010 1011 611 747 745 386 876 242 2360 472 574 163 1153 1219 1196 840 2706 540 1640 1355 1121 542 1203 542 684 779 552 410 298 747 202 204 771 204 794 865 795 1825 1966 414 809 2304 919 908 1042 1037 1028 1435 1610 105 2144 1326 2434 971 638 2210 1808 1023 1472 878 1366 668 2595 2562 323 1322 1027 1020 1622 740 1703 418 929 157 350 730 351 1390 851 1605 903 1491 2085 2228 355 1659 1093 1701 36 1591 33 871 2706 1752 2135 2023 1003 1004 1848 
2483 1328 1570 2151 1109 1619 1722 1723 2445 2275 1753 2275 2268 552 523 567 483 277 1170 1683 517 859 1296 136 2635 2231 2577 2508 2180 1020 2342 552 688 412 747 2612 1129 26 1663 2667 1536 2504 163 727 2205 1424 1799 1530 1218 163 2089 145 99 1619 1723 1722 1569 1270 430 635 208 2365 2668 438 2207 79 1216 1218 714 1035 426 1234 1187 270 467 339 467 495 1234 1290 1226 1979 1845 1844 483 875 933 2545 1773 66 2359 2520 1638 1717 941 1441 2563 1409 2252 2478 
2600 2417 2532 766 2417 518 479 303 565 470 215 2147 2500 2500 359 2567 188 721 480 667 1928 1806 2570 1728 1793 2116 1795 1775 161 1015 996 68 1845 2007 1979 1632 1898 2140 1172 2108 1121 612 2706 1046 1345 1343 1469 1095 308 1456 698 1181 1412 861 1431 
下一层采样顶点数量: 108
random row indices, vertex: 108, sample: 5,edges: 506
163 995 712 1832 1836 740 479 1198 1269 1312 635 172 683 2197 686 2000 495 464 342 467 478 470 552 566 1006 650 472 478 649 418 1354 2636 650 483 552 277 463 342 467 467 339 495 495 270 467 342 573 294 277 552 483 523 426 1174 478 2091 303 228 2560 1322 323 140 339 1602 495 1549 270 2220 2226 2478 355 1093 576 745 1094 203 2499 1871 359 2322 2069 2434 105 1326 1747 2296 2248 390 145 1646 1075 2540 1375 897 1550 606 1685 2204 910 1205 766 
2417 2417 518 76 2498 2498 2322 2422 2499 2137 632 322 2508 1235 157 2532 2532 2417 1270 2151 2577 2197 2342 2040 574 672 1386 2360 2577 1500 2180 2220 2271 2277 2252 789 958 2220 2703 2600 1028 1042 1043 1435 1530 1424 1218 145 2089 1894 1326 2144 2498 2499 2019 2147 1020 1622 2539 323 1322 1602 2144 2434 971 419 1344 1046 1047 1640 1345 1148 1047 1640 1648 1355 456 109 1198 1296 163 1775 2125 2116 1335 627 236 1270 430 2085 2228 1094 2068 127 1411 1119 542 1630 779 1571 
714 1218 145 163 1093 1094 2228 2085 1965 1530 1603 1261 714 1198 517 1170 427 204 771 204 72 2410 2410 202 1645 741 208 2343 635 430 1270 2380 2061 215 696 66 14 1006 574 242 2563 219 2220 1583 163 2498 359 2567 2508 1020 2342 2577 2367 163 523 2220 1409 2600 1752 1138 1046 1640 2706 250 1591 1701 1701 33 745 2390 1974 36 257 1825 1845 68 1632 522 1326 2434 248 105 2577 1020 1329 1337 430 1027 1388 1322 378 1336 1037 1610 206 1042 1028 1042 1470 1028 
427 1037 1435 1043 1042 1037 206 612 2706 1344 1345 1046 1697 2442 929 71 740 1527 1326 2166 1602 971 1344 643 1121 1640 1138 1198 1170 2509 164 517 766 518 662 2532 76 1214 1921 565 882 910 543 603 523 1121 540 747 1203 779 779 542 612 1348 629 289 1046 442 722 640 686 381 122 355 1659 2228 1093 68 1779 1780 2007 74 1591 871 1269 453 1006 1025 876 471 68 1687 1632 603 1640 1355 1121 2706 1652 1093 1094 1659 2082 1793 1775 1795 2178 2545 1794 1795 
1793 2178 1844 1845 68 1979 1028 1037 1610 1578 344 1428 1312 1622 72 747 202 771 104 542 684 542 638 779 1198 1697 740 1559 1683 220 575 671 552 691 92 621 671 2628 2118 385 277 567 1828 502 2475 1962 574 1827 549 1793 1795 1775 2116 163 418 164 1664 1683 1559 502 18 153 699 336 766 2532 157 78 181 1486 1008 1073 1726 1182 36 1591 1701 33 871 1474 163 129 1775 1728 1844 1979 979 68 1845 1198 859 1591 832 36 832 33 1697 740 1559 1703 
161 525 1425 1550 779 
下一层采样顶点数量: 258
random row indices, vertex: 64, sample: 5,edges: 250
417 2326 508 317 163 1305 1065 1106 427 360 474 1431 698 640 967 2053 884 109 1363 1003 1004 791 786 427 745 2433 2437 1268 2108 278 2140 1898 772 2166 2161 2088 2167 523 1687 870 635 1908 401 442 1447 1711 657 1515 764 359 808 1300 1320 1197 1025 1644 218 1019 910 764 1140 1253 1311 74 2114 1928 1923 2124 2095 716 1017 1289 2230 1644 1493 2423 1732 2225 84 155 12 419 248 776 398 2091 335 911 1275 2291 345 626 261 565 1718 1366 1373 663 2393 1896 1952 
1813 345 2421 2389 2506 1910 2366 2081 2575 534 1377 801 313 1354 1801 834 1821 14 613 268 232 747 624 881 572 112 1203 881 2405 1119 2245 2471 1702 1550 1199 1136 1018 1018 1142 2116 2125 1981 2491 378 2010 2447 2026 1520 872 1381 1245 719 1133 1666 1287 1288 250 499 1441 1638 1409 958 344 675 2126 2339 1484 1644 822 2183 2150 321 2179 743 744 65 1476 995 1231 1099 1178 1841 492 738 565 1741 523 2473 2551 649 457 1125 166 984 1048 539 1152 1210 1453 922 
923 1416 76 154 392 1210 1209 1665 454 539 728 357 53 243 163 1611 1379 1874 1920 1323 1145 1150 1195 1062 451 2453 2411 2666 163 793 1696 1130 1334 173 775 162 575 173 565 2480 2485 747 427 610 1783 2682 2456 725 48 
下一层采样顶点数量: 79
random row indices, vertex: 79, sample: 5,edges: 352
418 135 479 1198 1312 539 1368 183 541 454 2323 1186 1741 734 2419 801 313 1377 534 1642 344 426 378 585 335 523 565 653 2480 566 2485 749 173 566 575 1910 2506 2458 2575 2661 862 1601 2627 1161 881 1910 2506 2081 2575 2366 2393 663 1896 496 1813 566 1581 1515 1447 1178 1277 1476 611 1732 774 867 1493 163 961 988 1447 1711 839 1072 1709 872 59 157 1452 1289 1062 1195 1149 1150 1323 1354 1465 1317 1674 1039 313 1642 288 1377 570 576 1524 1381 2485 575 565 
1378 294 378 478 1290 218 1676 2013 1017 1634 2390 1736 1737 163 1476 1362 1296 1074 2315 1888 535 1323 1630 1203 1195 1484 1053 1290 2634 1197 1215 539 1209 539 1453 883 1210 1232 1495 1971 995 1985 74 1574 157 1017 862 1290 906 1256 1019 995 1231 2086 1495 1178 1524 570 1243 576 1245 1354 585 177 911 2291 378 1275 1234 2617 1025 569 453 1006 1238 2291 378 2290 344 585 2685 488 2054 2690 2053 1323 2651 930 1254 1062 1608 1732 256 2423 2225 608 611 157 2095 2230 
1928 1923 2124 2114 74 1928 2114 2124 306 1400 57 56 847 313 534 1123 1210 454 1209 1665 2442 1616 118 621 1438 2485 575 552 882 173 2159 2366 1910 2081 1944 2617 2091 2438 1539 157 2230 2056 2095 570 1520 59 872 109 1658 884 163 1178 1099 313 1475 1542 801 130 2475 2054 109 287 656 1581 657 496 2393 501 663 611 157 716 1323 1145 912 1149 1323 1630 1150 552 1741 2628 1376 621 2174 1311 2687 1573 636 570 576 1922 2552 2026 1910 2506 2366 2388 2575 71 
2227 1928 2114 1923 2570 667 1928 1923 74 2393 503 2396 2029 1952 1644 322 822 986 1964 2393 503 1818 1813 496 2393 1851 1896 2506 1910 2159 2242 2416 1741 564 1841 2225 853 1732 1493 1644 738 565 492 601 1841 539 883 1665 1581 1515 1711 
下一层采样顶点数量: 165
random row indices, vertex: 64, sample: 5,edges: 238
2523 2684 611 2378 2050 2189 2190 2149 2194 2188 163 1016 1110 1729 456 2182 1748 1466 1646 1016 943 793 1458 1714 2128 2130 2659 2077 743 2386 2387 188 793 42 188 163 1188 1354 1040 1420 1176 567 2014 2018 2018 1828 747 73 230 1284 1055 1283 427 2588 1907 1901 2301 2271 2238 1738 1134 1264 2684 2523 1380 100 1611 1379 163 2543 2409 1776 136 1479 74 2378 2335 747 113 426 1174 478 2091 303 2483 1848 558 577 1933 2660 1313 1623 2577 1500 2180 1504 1506 1525 1415 1112 331 
2680 2686 101 2275 2522 967 1394 2400 1916 910 1573 964 965 1432 160 394 1857 125 468 182 2377 2318 491 2677 1545 632 1582 1909 2294 2521 2529 378 344 585 2213 1275 2338 1335 1336 1478 142 823 227 230 1547 1534 583 289 486 1278 74 1860 1019 906 1569 1721 565 738 804 1585 2556 643 1904 1290 2423 661 1053 1191 344 2449 2450 1881 2323 492 1268 2419 976 1414 905 787 945 1954 615 2696 98 1120 2522 2445 2275 2268 426 2591 2126 2213 2426 605 1091 1056 476 76 
1288 1393 1128 1644 1812 862 2364 299 2110 596 1827 2083 2153 2219 2022 2022 2008 2405 74 816 2295 1411 2519 2264 1354 992 66 149 565 207 523 74 1146 1799 2205 2233 2201 
下一层采样顶点数量: 80
random row indices, vertex: 80, sample: 5,edges: 364
836 2369 303 318 29 1274 1283 406 2258 954 539 1368 183 541 454 299 1827 746 596 2110 585 2195 2290 1275 2291 2268 2275 2445 1312 1244 2291 335 2290 2275 2522 1203 881 2203 1411 1288 1287 1268 945 1414 1354 1138 1047 1420 2445 2275 1753 2275 2268 1016 728 943 1650 1466 2253 2213 2539 1259 2290 136 2543 1102 2017 1479 1283 391 1318 142 230 430 1169 1055 230 1283 1918 1025 378 1712 1019 2149 2189 2190 2194 2188 2365 2194 2190 2188 2189 2188 2189 2189 2190 2194 1955 2149 2189 
2188 2190 2591 2213 2426 2339 426 2479 2030 2128 2030 2130 163 1611 1379 793 1611 1380 1717 1113 1776 159 1479 2409 2674 1674 1089 1304 911 1695 2511 1827 299 2083 1827 299 2110 163 2030 743 744 2077 881 2397 2203 1119 2405 1644 174 2543 1869 2409 2225 2423 2657 1601 881 2282 2126 344 1919 2431 2522 2268 2275 1120 2191 163 427 881 2667 2295 1544 1590 856 744 546 144 757 717 262 42 1955 2188 2190 2194 2149 2399 1539 1102 92 2231 227 520 1318 1547 230 1547 378 142 
823 438 427 391 406 1284 142 747 688 1676 1536 207 188 189 163 42 188 1611 265 758 100 1634 252 511 867 74 254 1592 1354 1123 1176 1123 1354 1188 1191 1290 1053 661 2423 1397 976 1287 1393 558 1205 1070 1016 1305 856 426 378 1234 2290 2617 1354 1040 853 1191 1024 931 1463 1284 1059 607 1055 1287 1393 1268 905 976 378 2091 2291 335 911 299 596 1016 728 1466 793 1646 788 1287 945 327 1414 2659 163 65 744 2316 163 2030 743 2316 2659 74 1287 1288 
1437 787 1069 793 1455 1333 163 306 295 2480 2 910 2427 2431 2253 2126 2591 71 74 76 1191 661 1677 2275 1120 1676 820 1146 1203 881 816 427 1283 227 142 823 943 145 1646 2442 415 2480 283 540 427 1283 227 142 1547 574 1827 2110 1962 299 100 1611 1380 1379 163 136 2543 1595 1776 
下一层采样顶点数量: 167
random row indices, vertex: 64, sample: 5,edges: 228
74 2421 2654 1909 1582 1086 1545 881 2397 2203 1119 2405 617 226 1114 1371 2511 2418 2418 2141 2069 2166 260 619 1324 669 314 509 2196 2267 216 195 707 196 9 481 1093 1094 2228 2085 1484 2180 1238 1267 1500 588 588 699 566 747 850 784 1338 917 1569 1010 1578 1651 877 2214 192 2590 2214 439 122 2228 18 124 747 462 187 566 733 1073 983 2074 245 1636 426 319 382 429 29 653 523 2485 2480 566 193 519 2549 192 10 590 2572 364 2112 365 1333 1369 2220 
2226 1950 1166 1160 485 711 2311 2138 2285 2693 2377 2153 2025 2349 1929 2177 1883 1719 2087 2206 2259 2261 1608 2137 156 431 36 1052 1066 94 2208 126 2367 1833 1057 383 1562 631 2665 2665 2395 528 678 1240 1241 84 950 1995 2301 1800 1907 1439 803 357 1563 1439 1354 1001 1323 1630 1203 1195 581 643 222 552 455 374 560 157 1452 1375 295 3 633 749 197 2361 2688 2705 2216 430 236 1107 1617 1515 936 456 453 2354 2455 565 502 2536 747 567 747 659 1967 695 
464 275 50 643 150 809 1321 1129 1222 382 2132 1837 731 2024 1778 163 247 910 982 129 1797 1409 2703 789 2361 188 139 
下一层采样顶点数量: 44
random row indices, vertex: 44, sample: 5,edges: 204
665 696 461 494 1405 420 192 97 388 439 419 1324 260 619 2559 747 502 2536 567 294 803 243 1563 357 537 2446 2220 22 2451 2165 2485 566 565 523 653 575 566 1816 2480 565 519 193 420 705 420 74 420 280 519 10 502 1957 2629 2536 519 519 280 193 2549 2220 958 1797 1409 2600 803 53 803 1439 420 193 519 280 192 890 747 18 1932 127 2434 260 2069 2607 1636 2615 1647 2074 1636 172 245 1543 2076 1747 260 1324 420 2223 420 2214 2228 2068 2085 
1093 127 1093 124 127 2400 122 122 124 747 2400 745 1527 776 971 260 772 388 420 2421 388 519 1409 2200 1221 2703 260 619 2608 2549 705 2549 193 961 717 277 465 163 1727 92 60 295 465 2480 1643 2658 465 566 21 1828 277 502 567 314 1569 1112 1636 1182 1636 1531 1302 256 928 113 502 112 665 527 415 1409 1206 789 1439 803 1563 357 1439 1684 983 1636 245 1073 566 699 588 294 747 803 357 53 1563 1409 2200 1221 1797 552 2480 653 588 747 
699 294 566 
下一层采样顶点数量: 98
random row indices, vertex: 64, sample: 5,edges: 237
1198 1697 740 1559 1683 552 566 1006 650 472 440 1174 908 1445 414 2496 232 268 613 616 759 904 292 87 638 631 383 1532 925 2427 109 507 1888 2289 1804 1805 1858 2481 570 1520 59 872 1751 2691 747 1203 779 779 542 163 329 1060 237 1282 1494 267 20 334 163 523 2220 1409 2600 1657 1457 1462 1728 168 129 1775 1110 496 174 503 663 501 690 318 445 14 384 495 573 270 467 342 1676 820 1146 630 408 74 1293 2278 2283 2284 2393 503 1818 1813 979 
181 518 157 78 109 1658 884 290 2087 1098 2206 860 2605 1401 565 1554 562 1531 983 887 967 1561 1428 1312 1622 1322 1578 1659 2085 355 2228 1094 2566 2531 163 430 686 1947 2557 464 279 1103 1579 2000 276 2115 1004 2182 786 2146 1004 1464 1021 376 704 1498 2398 2399 583 2372 2175 1184 1959 188 120 1389 1421 607 821 2486 1970 121 979 1825 978 1966 1955 2188 2190 2194 2149 136 2543 1595 1776 1846 1927 1847 2073 1813 2029 1818 1442 1135 1444 324 1064 185 62 332 
576 1418 1068 726 1877 1333 1122 578 13 735 652 249 373 86 2414 2374 1366 2507 2374 565 738 1376 1727 747 369 702 504 244 750 1241 1240 1147 912 1141 1920 1874 
下一层采样顶点数量: 73
random row indices, vertex: 73, sample: 5,edges: 354
1877 908 1442 414 1174 420 192 97 388 439 562 414 367 440 729 464 2000 467 276 232 2571 268 258 616 573 342 467 495 339 495 467 270 339 342 62 389 327 185 326 332 324 389 62 185 467 1993 2016 276 495 163 2220 1911 1839 290 163 22 1973 2446 129 766 157 214 1340 371 475 1756 2604 1728 168 766 518 157 662 181 324 332 389 389 185 1234 578 482 13 14 613 268 232 62 423 423 332 2566 560 157 2681 214 469 2079 2493 2329 2229 
2539 2107 2571 613 2496 2239 371 2373 2374 2507 2414 668 1366 1718 2239 591 2011 2146 1835 1003 2261 2133 2175 1984 1925 2398 2489 1126 2372 1366 2513 2373 2373 2507 2184 1498 2398 583 2372 136 2626 2398 2399 344 414 675 1442 1445 2398 1351 1163 289 1483 951 2605 565 562 1554 1622 1312 1269 418 638 1027 1020 1622 2539 323 1136 1333 1207 1225 1224 2239 1366 2374 2513 2373 1004 1003 2182 2146 1897 2175 1257 2261 1911 2087 986 1401 2502 951 2605 1990 1825 731 595 121 1364 672 
1343 1003 786 232 613 268 616 2496 2046 438 268 613 268 414 809 2304 919 908 1240 1241 1149 1150 912 1117 562 2014 671 370 466 1012 882 565 294 464 270 464 573 1954 664 1593 1825 978 1825 979 68 879 766 76 662 766 181 2532 1363 1003 1004 791 786 1297 1102 1174 303 1033 482 13 1333 1877 578 50 643 2371 2398 1214 897 1347 1527 1240 1201 998 84 912 772 1347 1184 1940 1911 934 860 952 1937 623 1937 1064 163 343 1305 1911 1098 1728 1110 1729 
163 1016 1122 578 594 799 717 1240 1241 1172 1141 1347 1241 772 1147 1240 901 1553 1401 1554 1552 1775 2082 163 1728 2116 1825 1966 1578 1428 1622 344 1322 414 578 717 2215 251 1182 877 1061 1651 1578 1110 1775 129 168 163 979 121 978 1825 1966 
下一层采样顶点数量: 178
random row indices, vertex: 64, sample: 5,edges: 244
439 2590 2590 388 667 36 2227 1974 160 78 214 469 2527 1961 2100 6 1505 2560 932 482 2696 2036 569 453 506 514 747 2612 724 1195 1203 1150 1630 1623 1655 1005 1382 1313 2429 1134 2281 2621 2105 1417 821 1421 611 157 716 163 380 938 2267 2196 576 2499 808 863 87 2243 2471 2245 1004 1897 2182 1003 638 2220 2226 2478 747 2346 659 397 1793 1795 2178 2181 2143 2639 2117 1016 728 943 1650 1466 420 192 439 510 420 120 2206 1362 163 2087 157 1452 1289 1324 1527 
419 2434 2160 1252 918 524 1169 1454 1346 1272 1281 1604 1282 2057 2198 2696 2695 1101 2658 568 575 843 250 4 170 426 1234 937 554 552 1459 167 559 1393 1097 1125 2052 2060 857 1483 1326 2434 248 105 1478 1024 2443 2127 1986 1111 1412 1328 1570 1339 427 674 1696 602 1261 1117 163 1668 1488 1910 2378 611 2452 611 668 1079 1315 2691 1751 552 374 455 1815 2671 84 99 1913 1803 795 794 2681 214 78 560 469 1644 986 2484 2616 2614 2301 1800 1901 1910 2506 2375 
2416 1515 988 2528 2481 1858 1079 2175 934 1009 608 747 74 90 680 881 2624 2702 2007 1780 552 562 875 370 193 238 192 2549 280 523 747 565 2093 283 475 1756 2604 1728 168 755 2232 757 2058 
下一层采样顶点数量: 76
random row indices, vertex: 76, sample: 5,edges: 356
419 398 1326 1747 248 2590 192 193 10 439 420 192 97 388 439 160 78 214 469 251 551 578 13 482 519 192 2223 356 510 280 192 193 10 519 2160 1326 1747 2069 105 2338 2343 1339 2443 2595 1315 2452 1729 188 2604 1206 1831 552 167 559 554 559 420 280 420 705 10 280 74 238 192 420 157 469 587 78 214 1328 1431 1111 1412 2549 280 2608 519 193 775 167 671 1540 566 2338 1335 1336 1478 1125 857 2052 1483 1123 206 611 1490 1668 1488 1668 2335 
611 2050 2378 1788 2181 1795 2082 1795 1788 2178 1793 2143 1795 1897 2633 1748 2182 1835 2133 2379 1984 2175 1911 2560 932 1505 251 251 1543 2221 1894 1086 211 948 1471 1282 1281 1451 1282 1281 1471 948 1272 1315 668 2452 2595 611 1543 2076 1747 260 1324 1584 783 1568 1644 1412 434 1111 1335 1678 2677 1272 1281 1451 1346 163 1178 2175 1184 1362 2338 1329 2127 2181 2143 2175 1257 2261 1911 2087 46 301 46 1815 193 251 490 6 2434 1747 2160 2062 1483 2052 2062 1483 857 2060 
214 560 766 469 2681 2175 1184 1959 188 120 1003 1469 1364 2028 1004 1469 2146 1004 1364 786 864 179 368 719 2501 375 1027 296 1919 2673 251 1505 865 932 1114 247 2089 1117 1261 1346 1451 1282 1272 1604 2338 1335 74 1053 1024 611 1009 864 1079 1718 2414 604 263 975 2562 163 1114 2334 602 1339 1570 1328 1101 2292 247 1603 1588 2089 2332 446 559 723 306 473 554 294 875 552 565 1816 167 552 1378 559 1452 938 157 78 2287 1125 1483 2060 857 817 166 1483 
1496 818 1986 2338 569 70 1329 160 78 1857 2681 649 323 2555 2560 865 640 2182 25 1897 1003 2159 2488 1910 2242 2506 1570 634 1109 1111 1678 1281 1451 1272 1604 2082 1795 1793 2181 1775 1775 2545 1795 2178 1788 1943 2330 1334 163 1971 1488 611 1910 1668 2535 
下一层采样顶点数量: 183
random row indices, vertex: 64, sample: 5,edges: 247
747 241 2355 1879 763 1733 889 41 115 725 76 1374 869 240 61 1249 1054 18 866 890 1388 1586 340 529 709 709 341 738 621 471 1859 552 427 157 1075 1340 986 1401 2502 951 2605 1593 708 31 611 1593 2151 1270 2593 2577 2197 2607 1987 41 93 48 725 434 1192 551 2551 2473 731 863 1450 808 359 1328 2583 318 1173 2309 219 2170 1175 1325 745 2165 129 538 2363 1704 2683 1157 1700 2381 1383 1398 576 676 1091 1056 1014 430 1327 1165 569 456 453 2098 2099 
1459 1697 1585 1664 804 1949 1960 157 14 393 1792 2067 2586 745 2599 2162 747 427 17 146 747 620 1321 1041 747 628 2460 2384 163 1016 793 1153 856 1413 1370 1102 1479 1174 2049 2021 2337 2218 429 1333 1514 109 114 171 158 428 432 184 433 340 341 709 529 1932 745 2024 18 576 965 964 1481 966 1573 1462 1422 1595 1307 1657 427 2176 1914 1644 1595 1862 1964 1863 903 1352 294 1564 899 1281 1451 1272 1604 2426 2282 837 1686 1527 1545 1641 1582 1076 163 793 
1734 1386 1715 2631 2601 2504 1536 1518 207 1728 1325 163 563 757 1738 1192 2305 1954 2179 566 1532 782 142 520 524 230 719 747 175 900 1277 781 1533 970 1873 1998 2185 2109 2038 2066 159 1102 985 1428 2609 2079 
下一层采样顶点数量: 84
random row indices, vertex: 84, sample: 5,edges: 393
193 192 10 192 420 471 1632 1859 103 295 477 277 564 252 103 1787 808 2499 2567 1342 731 808 1710 1450 1663 2667 1536 2504 2183 2150 321 2305 1606 687 2667 2381 136 1102 1413 2363 2165 129 1969 1719 2183 2150 321 2179 430 2342 2197 136 2543 1102 2017 1479 964 1573 965 966 1481 1536 1518 2088 1543 909 2524 2076 900 846 1730 970 1277 2309 219 2170 1175 1325 611 1672 2674 1352 2692 136 1102 1370 2150 875 2473 321 1192 430 2342 1270 1335 627 2152 163 2277 2470 1533 
1157 741 687 1700 1704 1033 1174 902 893 1135 2461 1086 1078 1078 1076 2342 1109 2037 1584 2151 538 1143 2363 745 538 427 2044 687 668 2683 430 2342 634 2593 2367 2342 1020 2577 2180 1370 1102 136 1413 985 1113 1696 856 129 2295 737 427 1932 1778 2024 18 576 745 1912 2024 1954 321 2183 2222 2150 1518 1536 2504 163 1728 1909 1582 1086 1545 745 687 899 1672 611 2165 129 538 2451 1204 391 1283 1547 227 142 565 621 1791 1859 554 910 2174 1481 764 1673 632 1086 
1909 2017 1582 1288 1593 1116 978 1461 71 558 1086 1641 1728 1536 1775 1474 1110 41 904 1733 219 538 1264 1689 1738 1284 391 1283 520 427 747 688 1676 1536 207 745 687 1157 1700 745 687 1157 1704 745 127 747 890 18 14 1116 250 31 41 2456 888 1716 115 41 138 1713 904 2421 367 466 738 2 57 163 37 500 247 219 472 2658 274 449 671 611 1672 1564 1565 899 1533 1207 1351 1583 900 1491 1672 903 902 966 964 1432 910 1140 966 1481 1253 1060 
902 1140 910 1481 966 1533 567 1378 1396 974 2230 2540 2378 2050 633 565 552 621 1859 471 1342 1320 731 808 1450 41 889 2153 1713 904 163 846 1184 1533 781 2026 1922 1524 212 874 1741 1727 565 2628 1585 771 1756 205 127 600 755 757 1965 163 188 142 520 230 478 719 430 520 1454 1169 524 2165 402 2193 1036 1738 576 2499 808 863 14 1116 250 708 1112 520 2561 87 1666 41 93 48 725 808 576 330 121 1656 
下一层采样顶点数量: 200
random row indices, vertex: 64, sample: 5,edges: 226
664 350 730 111 201 2545 2178 1795 1794 1215 1621 1215 1707 824 1870 2510 2362 1234 977 2303 1951 2354 2360 555 615 556 2454 1211 1058 1421 1417 1237 826 569 1457 828 2220 163 2563 2396 219 163 1136 935 1354 1138 1121 806 427 1932 18 127 890 955 1280 2341 1268 1757 1842 1565 1088 565 295 882 1012 1517 1612 902 965 1432 902 910 478 470 1184 1784 2133 2199 1212 1497 1163 580 901 465 565 2409 636 2672 1621 593 300 1882 1989 1354 585 177 911 194 673 2338 1329 
2127 87 47 2149 2189 2190 2194 2188 1435 1043 1028 206 1042 570 576 1520 1258 1512 2508 1235 427 1283 227 142 1318 163 1153 942 1990 595 233 2487 2580 1823 2175 1257 2261 1911 2087 2301 2588 747 349 1237 1657 1422 826 550 638 1643 1687 1189 427 2515 2003 2003 1999 1484 1053 1290 2634 1197 967 957 2284 2283 100 1980 265 265 758 1713 2510 1978 2697 1759 2288 713 347 452 84 84 410 565 298 305 2 1809 2071 1328 1431 1111 1412 529 341 709 340 1252 830 1122 
1621 594 1194 1254 1062 805 1254 930 1313 1655 2678 2477 74 1574 157 1017 1621 1448 337 77 1287 1393 1268 905 976 
下一层采样顶点数量: 47
random row indices, vertex: 47, sample: 5,edges: 216
298 82 565 410 305 584 2437 1760 2658 493 347 513 117 452 1045 103 1859 621 1632 552 410 298 552 565 82 410 305 998 84 452 347 84 180 351 111 427 730 552 471 565 410 2 127 745 890 18 1932 2274 2396 1905 1219 1060 828 1237 826 550 1422 910 1573 964 965 1432 1028 1042 1043 1435 1462 163 1457 569 1237 427 1990 350 201 1718 1891 1490 536 1488 206 712 563 38 757 846 580 1212 1126 901 1163 2396 503 2563 163 1952 1409 2226 2478 2252 2139 
1534 1497 1498 1163 1212 1126 819 818 1497 1422 1521 826 1484 1237 12 347 1240 1241 1803 2396 2563 2220 219 163 206 1028 1037 1435 1610 1042 1037 1435 1028 1043 1435 1042 1043 350 111 747 127 18 122 2400 1497 1553 1554 901 910 981 965 964 1174 1221 982 964 1589 764 18 866 890 965 1060 981 1590 1673 569 438 2423 1422 550 2442 425 128 1012 1616 1025 2099 1000 255 710 350 978 664 576 18 1932 1912 745 1606 1237 1457 1273 826 1457 1422 828 1462 1422 1595 
1307 1657 1212 1126 1215 580 581 347 161 713 350 770 1889 351 730 
下一层采样顶点数量: 118
random row indices, vertex: 64, sample: 5,edges: 252
960 1085 1049 1071 1292 577 558 453 2015 2034 1425 1158 1624 1550 1199 858 460 281 760 2428 2021 44 225 389 62 327 324 326 1054 1474 1734 793 1249 717 251 2215 1877 578 1581 1515 1711 1112 1403 166 1483 1496 1125 857 1387 1239 427 1283 227 142 1547 1719 2363 1969 129 2165 2485 483 749 1459 552 258 0 14 751 544 1692 2465 900 228 2617 904 1716 1713 138 892 2256 1698 2597 427 461 1497 1553 1554 901 2407 209 2704 2176 1668 2535 608 125 133 394 2508 430 
431 2137 476 676 1014 1056 18 890 866 163 1159 1558 1785 2564 449 479 1354 2636 136 2334 1796 1917 632 430 524 256 1792 1326 2167 2161 378 478 396 997 236 1271 1377 1475 1642 986 313 2461 1086 1078 1078 1076 504 702 41 2153 1713 1716 1982 845 1613 1338 917 784 2649 2436 342 276 1993 2546 1265 921 1265 1725 852 996 1338 1015 427 1990 1718 143 201 163 1883 2177 237 329 570 576 1520 1200 2144 827 909 1894 1527 1003 308 2653 2028 2607 1636 2615 1647 2074 
2557 1947 163 546 728 1466 1305 1016 943 1004 672 1003 1456 1364 163 145 2280 2286 378 1292 1301 960 565 2476 2472 1854 1976 1999 2003 2515 1724 668 1508 1366 2239 668 2373 1718 575 173 565 2485 1378 1608 1220 2225 987 949 163 764 769 
下一层采样顶点数量: 103
random row indices, vertex: 103, sample: 5,edges: 487
1937 185 324 389 185 494 250 584 526 2044 256 1284 686 1698 634 638 566 479 1539 449 2156 2099 1566 2618 1124 649 92 1627 478 147 277 566 463 749 552 928 2369 634 256 983 801 534 1642 313 1354 327 185 389 324 326 324 324 278 327 326 327 326 1899 1532 324 638 2057 228 2465 1378 566 173 2480 575 525 684 1550 684 1425 2428 225 1860 760 2042 129 2165 1969 1719 163 1366 2374 2507 2373 2374 1343 1469 1095 308 1456 57 2078 1687 167 473 1016 728 
943 1650 1466 1728 380 1473 1249 1474 1642 801 1642 1475 1498 1123 857 1483 1125 1125 1496 1894 1326 2144 2165 538 1143 2363 129 2076 2524 2420 1543 971 163 1740 1305 1106 728 675 2650 1877 2215 344 1608 1732 256 2423 2225 2413 2513 2507 1366 2414 1680 1317 1354 911 1304 1469 1343 1705 1363 1364 2413 2374 2562 2239 1373 313 1642 288 1377 239 1378 559 565 575 15 2363 2220 1728 188 1776 2635 2580 1102 2487 416 748 1713 115 416 201 346 180 337 363 649 457 1125 166 
162 552 1378 294 173 143 1990 350 1718 201 686 2428 88 225 900 228 2465 52 119 1505 1505 865 932 2560 686 2428 88 44 2566 324 423 2425 2474 1469 1343 1897 1004 672 1343 786 1004 2483 672 1729 943 1466 1070 1110 228 1207 900 1351 1533 1733 115 352 889 1372 1527 827 1894 913 909 1466 793 943 1646 728 1512 74 1608 949 479 2300 2636 344 1275 2091 2617 1428 2484 1644 862 2614 1642 1240 74 1608 987 1582 683 430 635 2508 430 520 1454 1169 524 653 
554 575 644 466 1555 2463 1641 557 1137 492 2480 92 2485 2118 1378 575 882 2485 552 1502 250 1532 2660 312 578 1122 1333 482 1877 138 904 892 1713 1716 1550 1555 1158 262 1334 1139 1330 1715 1702 1550 1199 1484 74 1608 1618 1220 1125 1483 2060 857 793 1408 1734 1054 1249 1527 909 1894 913 827 1459 197 483 2485 552 686 2428 88 760 1249 1054 1508 668 975 2413 2562 157 2428 2218 87 2021 2034 577 2015 2327 453 857 166 818 1496 817 1199 84 157 1555 1158 
2502 188 717 523 1122 1466 243 1305 1127 943 2309 2363 2051 2200 1969 672 2329 1460 591 1363 121 233 2093 201 1990 2092 2327 2034 2327 2015 1870 468 1991 416 115 1713 1991 1982 1716 41 1867 201 2138 28 2414 2363 1216 1719 2175 2261 2524 909 2144 1527 827 163 582 430 2067 1792 1377 986 313 1475 1642 1484 70 228 1692 949 1512 1608 987 431 1550 1624 578 2215 414 251 1877 1249 1734 1715 793 1592 
下一层采样顶点数量: 260
random row indices, vertex: 64, sample: 5,edges: 259
496 2393 501 663 163 1696 995 2211 1971 569 1484 1522 1240 325 1201 611 2499 359 2505 347 1240 1241 84 998 622 2266 117 1924 2389 1761 2208 2234 126 2235 1180 1627 1620 1519 1177 2499 726 989 1418 163 1515 988 1581 961 251 1505 865 932 2492 1900 2337 2610 161 2448 2285 2311 1172 2140 2341 623 637 163 1333 430 378 1207 1114 247 2089 1117 1261 2564 1785 1215 539 1209 2240 1830 831 2466 2035 858 1951 2303 615 400 556 2354 555 1512 1087 2527 2100 1961 420 2223 420 
2214 423 558 423 557 163 262 266 1201 211 325 2341 1268 2221 1842 1757 1968 328 1774 2619 1734 1298 1592 1176 1161 2494 2063 2700 2288 2698 1759 2697 1418 1068 989 1272 1281 1451 1346 2048 1854 1976 1864 2299 793 1455 1694 84 715 99 2592 1852 589 592 282 2614 1644 2616 986 986 238 301 747 489 46 518 2532 181 76 766 2429 1353 2624 2317 747 745 687 110 565 85 425 1203 881 2203 1411 964 1174 902 966 964 1181 456 20 1897 778 1513 862 785 1155 1328 
2338 1335 74 1053 1024 2153 1977 2008 2022 2219 2470 1533 1277 2277 163 2259 1959 2271 163 2175 965 885 1489 2192 911 344 1519 963 1827 574 2475 2360 672 1767 22 2444 1768 247 2577 1833 2367 295 1782 565 134 566 222 49 50 580 581 1136 1305 1740 1652 1093 1094 1659 
下一层采样顶点数量: 91
random row indices, vertex: 91, sample: 5,edges: 411
304 1975 2388 201 391 2593 2197 634 1698 2343 2670 46 1815 747 301 1560 25 569 456 549 1316 471 295 565 210 489 238 46 301 2291 2447 692 396 960 2257 500 2444 2470 1277 2646 1230 2643 1363 2475 640 2246 591 1305 2286 757 1333 1807 518 662 157 76 181 1118 1782 505 2135 134 2532 2417 76 518 766 489 193 1815 301 238 247 2446 563 982 1973 623 2341 2425 1842 788 2004 1386 2354 2360 556 345 2421 2389 1257 163 2175 2261 1959 345 74 2421 2266 2259 2250 
2271 2249 2238 1743 177 2192 732 334 25 640 267 2257 191 22 1790 163 2532 661 392 2327 1128 46 489 238 867 238 345 513 155 452 117 94 2208 126 785 634 1812 1328 862 988 1581 1711 163 1515 900 1277 1533 1730 781 1592 1285 407 407 1298 1584 1412 1423 1155 1101 578 1207 1225 1708 1369 177 837 1489 981 910 965 964 966 1354 585 177 911 1854 2048 163 523 1515 961 1673 902 966 1432 965 177 964 1140 966 902 966 910 163 965 1673 1642 1644 136 
862 2484 1515 988 2252 1277 2269 2277 1931 75 1854 1854 1855 2299 126 2208 2313 2235 2234 2208 2234 2208 2235 2140 2108 1898 2292 1268 1362 1719 2250 2175 1696 1644 986 2484 2616 2614 2614 2484 986 986 1644 378 430 163 1207 900 76 518 662 2532 766 1812 1328 785 1601 862 2324 1161 2423 1592 1560 1172 2341 623 2108 915 1174 1074 893 414 303 2272 1592 1354 1123 1285 569 1431 25 1181 74 345 377 622 1937 1172 623 637 2341 515 623 637 1476 2152 1277 2277 1533 2642 
548 2628 2629 294 274 294 472 333 566 1962 2360 2475 672 1827 109 25 56 778 1155 1812 1513 785 1328 345 2327 2040 2327 1924 1335 177 831 885 1155 986 638 1019 785 120 177 2259 1959 1854 1976 2696 2040 535 2653 1460 2423 986 1328 701 1644 235 234 104 217 204 518 2532 766 979 78 1581 657 1711 1515 764 1293 1592 405 1734 1298 299 574 2110 2083 1827 2299 2299 1855 1854 2048 2276 2122 1854 1855 1864 1003 640 732 2182 2146 1592 1249 1715 793 163 2208 1761 
2257 500 1767 2257 1768 565 566 1782 2328 134 
下一层采样顶点数量: 223
random row indices, vertex: 64, sample: 5,edges: 251
2596 2669 1960 1949 745 611 2611 1763 407 973 993 271 2095 2056 143 346 337 363 558 1487 327 925 1480 407 1891 2439 2553 1875 714 833 2089 1035 1299 1364 786 2483 672 1003 1478 1027 1336 2664 1832 163 712 1737 1629 796 84 12 117 513 155 1282 948 1446 1875 2553 569 438 2423 1422 550 591 640 549 287 649 166 457 682 294 1860 2647 2430 2624 1931 1921 1408 523 1491 851 1281 1346 1604 1272 1451 272 516 1104 1262 157 2532 2532 2417 1991 2510 1713 1977 2362 523 
71 2118 565 2442 1498 1329 1292 1071 1925 2392 552 565 85 465 2368 1550 1624 28 409 1606 2381 826 1409 2200 1221 1797 258 7 638 635 264 1325 2237 2170 483 650 463 277 933 2695 1510 790 2215 2465 2543 2172 136 985 2674 2697 2700 1759 2698 163 793 1333 1333 1467 318 1084 858 1368 991 430 520 1454 1169 524 745 666 1889 2648 163 191 448 1323 2651 930 1254 1062 1236 1431 1678 861 809 1229 1639 1615 576 1526 1520 1243 570 844 1184 55 1784 2705 1860 635 
430 683 632 1050 1724 1492 1298 407 407 409 1592 974 970 1396 1378 1533 831 2244 2245 2243 611 1079 864 418 654 135 1333 793 1225 1708 1467 1021 200 1100 1254 1470 66 2583 318 2607 2310 163 168 1631 2330 2604 569 438 847 710 
下一层采样顶点数量: 95
random row indices, vertex: 95, sample: 5,edges: 433
177 2033 1617 2593 2137 1298 512 1298 1763 2439 2582 753 1606 1298 409 277 483 294 463 566 477 483 463 564 333 2368 465 118 103 523 294 483 552 277 523 327 1532 1899 324 945 2442 929 2118 523 71 638 2057 228 2465 1003 1004 1848 2483 2002 1977 2362 1991 1713 2543 1479 136 159 1776 1931 1249 1921 1408 1870 2510 2362 465 2642 85 2368 1606 687 2667 2381 163 793 1333 1333 1467 411 1037 1464 1470 924 1532 1480 1528 1532 1487 2057 1234 790 790 1510 874 920 1200 
839 1072 576 1520 1524 839 1526 900 1533 846 781 970 409 1298 1285 407 1592 1216 1218 714 1392 1299 1207 1467 793 1224 1225 1469 1364 1363 1003 1705 21 970 559 1540 82 970 1396 1971 1850 1362 22 188 2057 551 2650 675 1877 565 2442 2118 2692 136 159 2172 357 1603 2089 714 1117 2231 2580 92 2635 1370 781 1362 844 141 120 163 1117 1333 1225 570 1524 1245 1243 930 1464 1062 930 1254 1891 536 1464 200 163 844 55 1905 1784 611 1606 1718 586 28 677 1923 
929 2442 71 425 2368 85 552 465 1216 1218 714 1035 2028 1364 1004 1004 786 1464 1021 1532 925 1533 970 1396 567 974 844 970 974 2038 2066 159 1102 985 415 712 189 2102 2664 2543 2066 1352 159 2674 1464 1100 1763 2606 2611 1884 2165 1932 600 1886 59 1200 1814 2026 834 483 875 933 1363 1003 1004 791 786 2057 1234 1510 1510 790 1691 1330 262 856 1694 2402 1408 2402 523 1931 2624 2277 1931 1921 2402 1931 2277 2624 1204 2702 2153 2510 2219 2318 1977 1796 714 2001 
833 1516 934 974 1784 1184 844 1713 1716 2510 1991 1755 2378 864 938 2505 401 1582 430 2508 683 436 442 375 640 109 2057 2198 2696 2695 2216 1784 1839 1840 2705 656 650 1006 472 1557 1606 1422 826 1237 1457 1036 2664 1965 219 712 163 1299 1218 714 1035 1293 405 1298 1592 1176 961 415 277 188 551 1763 611 639 745 407 1184 2705 1784 2199 55 549 456 591 1363 2004 430 683 632 686 1860 826 409 28 2381 1293 92 738 220 653 749 557 905 423 2034 1934 
478 82 1859 1440 465 1243 1524 874 570 576 415 1836 1831 2334 1832 548 2428 2430 1860 2658 415 1178 1736 380 1737 1333 1708 468 889 2153 2002 1991 
下一层采样顶点数量: 215
random row indices, vertex: 64, sample: 5,edges: 247
247 2444 1767 563 500 163 846 1184 1533 781 1718 2285 2138 163 1153 1675 415 1178 1736 380 1737 1871 2498 1068 1787 2376 76 766 181 518 157 747 2355 685 217 1986 1521 70 999 255 2358 2503 1647 1889 2162 2586 2113 1355 1648 1985 2086 2065 427 477 1810 1766 1231 2211 2598 1178 995 1126 922 1416 1233 923 1182 1073 314 1112 1569 1665 1210 883 1587 208 1684 1569 877 330 1072 354 839 1520 68 525 522 2154 2119 627 338 163 1178 1099 747 745 205 1052 600 2649 2106 
216 1956 735 125 2540 1857 2020 2681 1719 380 2175 1257 163 1892 2319 2030 2131 2634 1876 197 463 601 3 344 1269 654 1260 2090 2456 1742 1215 2656 799 1699 2360 2360 672 1924 2040 897 999 1241 1147 912 558 641 704 376 553 2606 2459 1264 2281 1134 1255 894 1053 1732 1019 2423 853 502 1957 2629 2536 569 418 2618 1260 1312 2638 1980 1571 1303 163 1611 265 758 100 943 145 1646 576 476 676 605 1019 1812 1513 986 785 55 361 2501 718 2505 1488 1315 2387 2386 
690 1980 2457 76 1291 1374 1548 2192 1743 939 939 1242 28 586 163 1184 188 141 993 802 973 640 267 1897 20 732 731 808 1710 1450 667 2043 480 2270 1237 1273 1606 826 1422 640 1897 2146 1003 732 1994 2241 
下一层采样顶点数量: 96
random row indices, vertex: 96, sample: 5,edges: 446
1269 135 1312 418 479 2439 1763 1298 512 1298 1684 1073 1726 314 1596 1520 354 330 839 576 380 1784 1474 934 188 576 359 747 354 330 1442 1275 2229 335 2215 1573 910 1590 2177 982 662 157 76 518 766 2021 181 740 979 916 2499 2498 359 2322 2500 611 2260 2501 611 2499 359 2505 611 157 160 1857 2540 2499 2500 359 2422 2376 400 574 556 2004 2354 638 1003 2146 1004 2182 2586 745 2599 2162 1009 1940 120 2250 1257 569 70 767 421 255 2586 2623 2113 1273 550 
1237 1223 1422 854 1971 1232 2211 638 1428 1622 1312 1260 2595 2452 1315 1079 668 980 1490 427 1668 206 1812 634 862 785 1328 354 874 920 570 1246 1484 70 1185 1237 1521 2347 1303 163 2202 1274 160 78 1857 2681 88 208 1569 635 2343 735 196 216 1260 2530 2090 2649 735 1750 2106 854 1631 2330 956 2598 1269 453 2509 2618 160 394 1857 125 1240 157 897 1240 1241 1149 1150 912 1099 1688 1230 163 995 1726 1569 1182 1073 1010 1872 380 2175 1153 2259 1104 344 1312 
1269 2090 569 876 2618 1269 1312 319 1422 686 826 1273 1690 1178 1232 1985 956 1240 999 347 70 1512 1364 2483 786 1004 1897 853 906 1256 1290 927 1692 1986 1521 70 255 181 1934 2390 869 76 163 2202 2638 1956 735 2649 2106 2436 862 136 2605 2614 2616 2499 359 1068 726 989 839 354 1520 1072 1182 314 1112 1569 1073 854 1495 995 1985 1230 1484 1237 1521 826 1457 1240 1240 950 1241 1347 1889 2113 2486 1647 2162 1155 862 1812 1328 785 1569 1010 1578 1651 877 1712 
1269 569 514 456 181 979 157 2532 766 1147 772 1240 1347 1241 576 59 1072 1526 1709 549 199 287 109 732 135 1260 654 181 766 518 76 662 611 271 718 640 267 1897 20 732 1956 2649 216 307 2527 1112 1512 1618 1403 2415 1606 826 1422 1237 1457 130 591 549 109 1293 345 2327 2040 2327 1924 1857 2020 1006 2360 2360 2040 672 2462 569 1986 1329 2338 2527 2649 735 1956 2457 758 2202 262 1980 2615 1684 2586 1647 2074 1606 2381 28 826 1293 1726 1684 430 1587 
1679 1571 2202 163 1216 343 1569 1587 2364 1155 1513 1812 785 562 2586 730 2648 1889 2182 1003 25 1897 732 125 160 1857 2020 2540 2499 359 1871 1684 1569 1636 314 1726 2499 359 2676 1787 1257 1911 2261 1216 1719 
下一层采样顶点数量: 232
random row indices, vertex: 64, sample: 5,edges: 249
839 354 1520 1072 2425 2078 62 2474 2524 2420 1240 2221 909 550 862 1601 1732 1191 430 1909 683 2508 632 1512 1405 1399 999 1053 627 1679 1270 1057 338 1248 688 835 1178 2598 1231 2211 854 272 1551 272 914 1827 2224 1414 787 108 1593 1128 1746 1948 314 348 1244 1596 1838 288 485 2294 2561 2624 2571 1878 415 2334 2103 747 294 63 153 438 378 1191 296 692 747 2024 737 1315 2452 2562 2595 1220 1112 2343 1618 430 2342 686 635 381 322 2577 2508 2137 632 1036 1662 
745 1884 1886 1902 1885 2236 2262 2435 2374 2562 2513 1366 2414 566 1527 2404 1757 1459 1523 880 815 570 576 2026 1922 686 2428 88 225 1553 901 1401 1552 951 552 565 210 644 1365 812 814 812 1044 783 1407 1155 1626 1812 2111 2047 2479 2030 2128 973 1168 802 2379 2206 2261 1984 1925 1777 1802 2064 747 294 566 588 186 847 1402 117 452 155 513 1484 70 1185 1237 1521 1689 2165 2193 1204 1738 163 1153 1380 1113 1429 1434 1208 565 2536 1957 565 910 1590 163 964 
496 2393 1851 1896 2466 2240 1391 1319 2117 2639 40 535 9 40 761 2220 2226 995 2139 402 2309 712 681 756 176 379 539 1453 883 1210 1724 1538 1260 2530 2090 184 598 433 707 158 507 792 1433 1105 798 611 2260 2501 
下一层采样顶点数量: 83
random row indices, vertex: 83, sample: 5,edges: 387
2439 1763 407 512 1875 2137 634 547 1698 1165 2514 485 2380 711 2561 2548 109 2391 2427 1888 66 75 2380 1377 2157 1027 160 15 1644 2508 627 338 1127 1333 1178 1139 395 2078 45 1687 210 671 1268 1287 1393 1288 945 1095 798 1026 1433 2137 632 2508 1235 322 2513 74 310 1366 2374 2166 260 2524 1527 1894 1335 949 1087 1335 1671 419 2166 827 2221 1543 1459 2221 2404 1718 1366 668 2373 2414 1527 2169 2420 129 538 2165 2193 1984 2133 2261 1925 2206 2513 1366 916 2374 2507 
1984 2206 2379 809 812 1044 1365 814 2513 2374 1366 2414 2413 2294 2380 1140 2529 649 1328 1812 862 1155 1601 692 1053 1191 2423 1290 2624 537 129 1204 1153 1347 998 1141 897 742 1288 107 498 250 898 1459 1527 566 2221 2404 1719 2087 2206 2259 2261 427 1463 1399 1554 565 951 1401 562 427 1463 1405 1812 783 1407 1155 1626 1143 2363 2193 538 538 1359 627 631 1484 1057 1335 627 208 1270 430 2508 430 431 2137 70 1463 999 1240 347 1497 1553 1554 901 1527 827 1894 
913 909 981 1117 1253 1221 1573 1908 1527 719 2561 2380 1366 668 2595 2562 2367 2577 2508 2342 2180 2605 1554 1401 951 1057 1562 1270 627 338 2508 401 1582 430 1909 1341 1365 812 814 1044 1197 1024 1191 1463 931 965 902 910 902 1432 1328 1812 1407 1155 783 74 1287 1288 1437 787 1095 798 792 798 792 507 1095 1433 814 1341 1044 1365 1365 1365 1044 812 1321 1129 2423 1407 2364 1513 1812 76 1288 1393 1128 569 438 2423 1422 550 425 565 523 1540 1213 1544 588 633 
733 2658 591 2356 798 1026 1105 686 1860 683 635 632 2206 2379 1984 2133 2206 2392 1925 163 910 965 1590 1116 1437 1593 978 1288 2677 1545 632 1582 1909 1155 1428 224 1644 1429 1164 1407 1584 1735 1698 1212 1553 1554 1552 82 901 1552 1554 1553 485 2514 1838 1908 2380 1644 1732 2423 1493 2225 219 538 1264 1689 1738 2341 1268 2221 1842 1757 785 1155 1812 862 1513 627 1569 1726 1679 38 1738 163 1689 219 
下一层采样顶点数量: 205
random row indices, vertex: 64, sample: 5,edges: 246
1696 2330 1769 1010 1061 1578 1651 426 2310 426 445 991 686 62 2531 2566 1854 2048 2537 1560 2695 2198 1970 2586 2486 344 2171 2032 1354 1344 1344 1348 1345 1357 1511 1681 1681 1682 427 2107 2574 638 297 441 525 1550 1427 1354 1040 66 2520 2359 1520 920 873 1122 2656 1699 1706 799 347 513 117 452 427 2666 2453 1687 1643 1228 1557 1649 74 1591 871 1230 2086 1231 1232 1178 836 335 1275 937 1576 803 243 1563 1439 53 2208 2234 1831 1836 1836 415 1832 1348 629 289 1537 
1535 523 417 2326 317 508 399 1250 399 1251 2081 1910 2661 2159 1463 1406 2218 2410 2306 2049 1607 1223 848 1053 1335 2173 846 2204 163 2204 2171 2031 2570 2279 1806 459 109 130 640 267 1184 1940 1911 934 860 576 2026 2552 1849 2163 2089 712 757 1965 2153 2699 2649 735 1750 2106 1365 1044 812 809 1080 1908 1893 2514 1647 442 438 720 1654 1338 855 2215 597 344 1429 675 638 2057 228 2465 681 538 403 1969 2309 2626 1699 799 2656 453 2098 2156 157 2230 2056 2095 
163 1016 1729 1110 793 1036 1965 2664 712 219 747 294 699 588 566 163 427 881 2667 2295 1584 288 2151 2037 1126 643 2371 2372 2489 1330 1331 1332 1167 809 1615 1229 47 719 2021 2245 383 1335 177 831 885 
下一层采样顶点数量: 86
random row indices, vertex: 86, sample: 5,edges: 410
2302 402 2104 2309 403 2664 415 1836 188 995 1275 1528 836 937 426 524 635 1207 1617 2137 635 1908 401 442 690 318 445 109 640 459 130 267 20 459 732 334 20 466 565 566 502 294 344 426 378 585 335 2290 2229 2171 963 2617 87 638 631 383 640 459 672 130 1257 2396 563 1113 606 1208 1601 675 1429 563 1689 163 2563 846 87 47 2558 1908 1838 485 2514 681 2309 1325 1969 403 66 2583 318 2607 2310 955 109 535 967 459 2204 2173 163 846 2173 
1270 1337 1032 1267 1478 1047 1345 1121 1344 1047 1344 1046 1047 1640 1345 1535 1537 1047 612 1348 1465 911 1123 992 994 812 809 814 1365 812 87 2243 2471 2245 1877 2057 551 2215 2650 2204 2173 846 2204 163 956 1231 1737 1362 1232 1578 1651 1011 1061 1010 943 1070 856 1205 1670 848 1223 1607 1335 1607 1649 1687 1688 1693 1228 2598 1178 1231 2470 1230 956 854 995 1231 1230 2598 995 1231 1232 1178 1231 2065 2086 2291 344 2290 2617 1234 415 712 189 2102 2664 538 712 1662 
1036 809 1365 814 812 1341 1607 1197 1024 1568 1191 1061 378 1244 585 1578 1129 1321 809 1080 812 426 1234 937 318 1084 858 1368 991 2165 2165 402 1204 1036 163 793 1110 1728 1729 858 449 688 1643 566 157 2428 2218 87 2021 294 186 588 747 566 224 106 204 597 434 1649 1687 691 650 1557 112 43 737 610 680 2089 712 757 1965 2309 2363 2051 2200 1969 1334 1333 943 856 1249 1053 848 1335 1607 1223 809 1639 812 1044 297 1341 814 812 1365 809 163 1016 
1110 1729 1649 773 1643 1189 649 1684 1908 2615 2586 1647 148 1649 1643 1228 1557 1061 1010 1578 877 1651 426 1595 1266 375 836 757 846 781 219 2173 1223 847 1468 1388 1607 1137 1632 870 1459 1557 426 1595 1266 375 1576 1010 1182 877 1578 1622 459 1897 2475 574 20 102 1895 1908 1893 442 1838 1582 2514 1908 163 1832 1836 1831 1836 55 1832 2334 1831 1832 415 1831 2334 1832 2215 344 1429 2339 1442 402 2309 712 681 116 318 686 1698 430 588 747 566 588 294 681 
712 1036 415 219 87 719 747 1838 2561 
下一层采样顶点数量: 196
random row indices, vertex: 64, sample: 5,edges: 237
523 565 882 1616 680 90 2070 2640 2350 1363 2168 14 443 2509 574 1827 1962 611 1935 2340 2499 1656 2357 2421 1906 1569 1011 1486 1008 633 1137 1459 566 210 70 1000 1484 1463 1053 107 623 2293 1064 389 1239 1387 2157 2565 1573 910 1673 966 964 2560 2555 2304 2297 1252 820 1115 1649 868 649 1189 773 163 2564 1485 1159 1459 875 162 775 2208 2313 562 738 1193 1202 1183 2181 2178 2178 1795 1788 1684 1569 1647 1182 1726 1388 453 1238 876 569 1469 1003 1363 1004 1705 1853 
1861 1989 1882 121 233 2093 201 1990 549 1293 109 1460 1004 570 1520 1246 74 1287 1288 1437 787 1540 1443 2091 1944 303 2438 1539 878 1472 432 165 1527 1324 1543 1557 2658 1649 691 552 1463 1361 2150 1954 2179 2305 2183 569 453 1290 1025 1712 565 1376 554 552 57 379 176 756 136 2626 2398 2399 357 606 1204 537 585 2290 426 378 344 190 510 356 1063 1175 1628 2107 268 616 2046 638 2550 2045 514 506 1535 1537 221 612 629 1938 1770 1764 14 544 0 435 
8 1290 2420 2169 995 1178 995 1736 1690 168 475 734 490 492 5 213 1114 1872 2175 163 1943 2052 2060 2061 2066 2062 2216 1784 1839 1840 2705 428 598 307 432 302 
下一层采样顶点数量: 87
random row indices, vertex: 87, sample: 5,edges: 414
2431 318 303 1576 2369 302 428 302 598 433 302 432 428 598 433 435 258 14 8 0 332 185 1937 324 389 1737 789 712 1790 163 490 45 6 213 492 492 213 1741 490 45 1661 876 2099 2098 1269 428 432 598 428 302 426 1174 478 2091 303 735 598 307 1963 2447 1238 2195 1275 2609 675 2291 348 335 92 2091 2438 1650 1303 1206 2564 2554 1459 306 565 967 552 2078 749 2404 1137 804 638 672 924 1460 1361 1512 1399 999 1405 1004 1364 1705 1469 1456 1795 
2582 1793 2082 1793 1793 1788 2178 2181 1795 14 258 0 544 435 490 2164 5 258 8 435 751 0 746 384 751 708 31 344 2290 2213 2291 378 1937 2293 552 63 148 210 644 490 492 734 213 898 250 498 250 1288 1661 171 507 672 967 1237 1482 1220 1430 931 672 1293 1592 2284 1606 1546 306 738 1376 1727 848 1586 1025 1027 1388 638 1643 1687 1189 1364 2475 1363 672 640 1182 1684 1726 1073 1578 1025 378 1290 1550 1550 1940 2259 1719 2250 2361 1539 2091 1944 
585 303 566 477 427 691 2658 332 952 623 1937 1064 853 1197 1053 1463 1024 1459 1687 558 1137 163 1117 602 1371 1696 163 1696 1936 1943 1259 2091 1944 2615 1908 1647 1684 2074 1649 1557 1213 868 148 1008 1327 1010 1726 1679 1673 2174 764 1432 1573 1539 136 924 378 449 1649 1687 691 650 1557 2082 1794 2181 2178 2178 163 1257 1696 1771 1872 966 964 1673 965 910 1182 1684 1647 1636 1726 2178 2181 1795 1788 999 70 1692 255 931 965 1481 1673 902 966 966 1131 964 
1481 1673 569 1185 931 1000 1469 1364 2028 1897 2182 672 2146 1364 786 791 2356 459 1364 1469 1705 314 1679 1182 1726 1569 1117 523 902 1573 1140 258 0 14 751 544 672 456 591 549 640 472 92 653 173 548 875 167 446 565 1859 842 633 644 2485 502 858 449 274 2480 688 1986 1092 767 514 1025 2091 1061 2290 378 2291 428 307 432 598 158 2140 2341 1064 623 1172 197 633 611 1459 294 565 1643 1687 656 773 490 492 213 734 1643 1649 868 1269 453 
1006 1025 876 1643 2123 752 2560 457 2658 1557 691 1649 552 
下一层采样顶点数量: 230
random row indices, vertex: 64, sample: 5,edges: 262
562 2586 730 2648 1889 1366 310 74 2374 2239 2677 1479 1582 2017 1125 1483 2060 857 2487 52 478 430 228 667 1430 1356 1093 124 127 2400 122 608 611 157 2095 2230 946 1179 667 36 2227 2072 877 1010 1651 1622 1578 489 1815 253 2670 2701 2263 2247 1929 2349 623 2108 2140 2292 1268 2620 1972 727 1670 1729 1110 1016 1756 2504 1266 1663 2393 501 1896 663 496 869 1548 1374 163 1060 2039 2039 1890 2175 1696 1940 2271 2250 583 486 64 64 284 163 1775 2125 2116 700 979 
879 747 427 294 665 157 88 2507 371 79 1786 2207 1354 1304 1986 401 2462 608 611 394 133 567 277 970 502 21 2499 2500 359 2376 2422 2393 503 1818 1952 2029 1090 2456 1029 1428 228 344 1275 2617 848 967 1400 554 875 306 167 565 796 1629 294 74 562 688 60 430 1823 52 136 2487 576 1067 1814 1821 1801 84 532 27 2062 2674 159 985 2066 1448 594 300 1621 824 1907 1994 1901 342 1995 1806 2579 2279 1260 1262 1104 399 399 1251 1250 405 409 444 
753 1139 1598 793 780 1018 2537 1927 1847 1927 1846 163 1136 800 2492 2547 1595 960 2346 1266 1301 1924 1924 76 2327 2015 827 909 913 1647 1908 2586 2074 1684 1252 820 962 829 570 576 1922 2552 2026 10 193 192 420 280 638 102 1893 1895 2360 672 1715 1386 345 2327 2040 2327 1924 
下一层采样顶点数量: 73
random row indices, vertex: 73, sample: 5,edges: 349
439 519 193 2590 420 184 598 428 302 432 2593 2033 1270 547 635 502 294 2536 747 567 274 523 520 470 96 153 565 554 294 1438 1621 593 300 552 554 57 967 1376 747 74 2513 668 310 567 277 552 483 523 280 192 193 10 2549 729 2546 1993 2016 467 521 2215 2441 2290 348 430 1823 52 136 2487 554 559 552 559 1459 900 1692 52 323 259 1366 2373 2374 916 2373 1111 2140 1899 2292 2327 2015 76 2034 1924 2239 2507 2413 2414 1366 1621 1448 10 280 
192 420 519 438 294 1378 567 21 2329 2424 2539 2229 1312 478 430 52 2487 2580 565 60 688 252 562 193 10 192 519 439 519 10 192 74 238 2513 2562 2373 2374 2414 2607 1636 2615 1647 2074 345 511 1017 2013 252 518 1128 76 869 661 1898 2140 1172 2108 623 2292 2140 2108 1268 1578 877 1569 1061 1010 1305 943 1205 1070 728 1136 1142 1142 1139 1018 567 1396 1533 1378 970 1647 2586 2486 1889 2162 1428 2617 2091 228 1275 2341 1172 2140 623 637 788 788 1414 
2323 976 2291 426 1275 2617 378 1729 1110 1728 163 1016 1122 1621 593 1194 594 294 875 1859 446 306 440 2014 60 1889 562 85 565 1975 1316 103 970 21 1828 277 385 1598 1139 793 1572 780 554 370 875 775 933 1569 1010 1578 1651 877 1139 1598 780 959 1467 1694 1455 1691 345 2327 2040 2327 1924 2097 2241 1995 1800 1994 1907 2097 1994 1995 1800 2092 2327 2034 2327 2015 1215 1621 1215 1707 824 1684 2074 1908 1647 2586 1061 1010 1578 877 1651 1182 1578 1061 1010 1622 
1139 1572 780 1598 1016 1218 1670 1726 1647 1684 1569 1182 752 824 1621 594 300 344 1622 1322 1578 1428 2301 1800 1901 1995 2301 1800 1907 1582 2561 1647 2514 1838 163 1016 1110 1729 163 1136 1016 1799 727 835 412 60 688 1248 
下一层采样顶点数量: 190
random row indices, vertex: 64, sample: 5,edges: 245
1261 500 982 2446 1117 1579 611 1103 1079 427 74 1252 1634 615 614 2258 1902 1887 1114 2089 1117 1603 1354 1123 1680 1674 1988 2401 1349 1217 1661 1469 453 1358 1358 1809 2441 1830 1263 2585 1550 1555 1158 571 2495 1762 2331 2694 2707 1493 331 774 803 357 53 1563 2153 1713 1992 569 1431 25 1181 1484 74 1608 1618 1220 1389 1315 1079 1103 611 479 2300 2636 591 1567 453 1661 1358